function V = getV
%GETV 
V = [-0.0539137078392482,-0.00712131731032155,-0.0248019168784491,-0.0125194959194850,0.0301328034152935,-0.0129342184902229,0.00656815487508777,-0.00836751197735176,-0.00910779744004936,0.0445069883214308,-0.0233858684600290,0.000409807095094120,0.0122724736873216,0.0252079781753797,-0.0422358460794218,0.00886827128704402,-0.00304624724097133,-0.0766778630067399,0.00960294734302168,-0.00364098723502544,-0.0222663752360492,0.0193777329721801,-0.0137477915997761,0.0490852135190465,-0.00305422713323451,-0.0114161045832139,0.00285074060352825,0.00679129175082084,0.0210558843306925,-0.0319204406485042,-0.0393893078609068,-0.0377355022134241,0.0158589114080513,-0.0139412501589502,0.00811790017024294,0.0238988559143105,-0.000382642341184050,0.0569539816481129,0.0158527848907573,-0.0112778165411801,-0.0303691741599772,-0.0349886115894122,-0.00367136570564872,-0.0160267517850152,-0.00569250383621601,-0.0266040578899245,-0.00206004274410720,0.0349197839528232,-0.0462335997400371,-0.0261266570792108,-0.0181550552979914,0.0530931140136886,0.0602237983235261,-0.0320344033013206,-0.0261539223698017,-0.0240791945688468,-0.0121943154541316,0.0369739220381753,0.0126476778820249,-0.0279707984109382,0.0767736657906359,-0.0104985917588707,0.00729841999122283,0.0550484270087232,-0.0320268636397143,-0.0234569500990487,-0.0491015412651619,0.0756129080021056,0.0551081719073830,0.0333135227951641,0.0411462425476802,0.0227737249770658,0.00316832713797772,-0.0622517112311471,-0.00588507096715729,0.0605479089087150,0.0906164421730855,-0.0404480765417764,0.00866389496140427,-0.0229822980713408,0.0582972168690915,0.0118684337987556,0.0405108141348122,-0.00137761573484067,0.0307806433781933,0.00898176540717148,0.00829099245266669,-0.00793445238673919,0.0191968372495054,-0.00360379681956584,-0.0233764169234788,0.0403810376625835,0.0343728658001135,-0.00712167988432989,0.0358267511675199,-0.0746504087837368,-0.00237366142357632,0.0168722211178510,-0.0834024563813006,0.0135661341055282,-0.0218416822518360,0.0363697798388663,-0.0134101497764086,-0.0265068185497747,0.0350590670675125,-0.0237899616908231,-0.00707621744844052,-0.0134078694077517,0.0407882521400343,-0.0126626181364551,-0.0858591862748312,-0.0631731604811271,-0.00996655437867041,0.0260394062182104,0.0347461452252952,0.00387115749261036,-0.00118804052623530,-0.0240763511135384,0.0196400594065032,-0.0344952611731031,-0.00389929772358865,0.000467742840445360,-0.0467279342978382,0.0525582468037224,-0.0276755106513456,0.0176529007735728,-0.0373591835255409,0.0316227133297045,0.00888147920398806,0.0318909052988823,0.0567760957237969,0.000298090566635061,0.0453430661061581,0.0238249642051925,-0.0109587040529163,-0.00876576229709671,0.0128779154600617,-0.00139944528523998,0.0122566565959041,-0.0212323092767129,-0.00598393086991909,0.0501608178344808,0.0272245369614849,-0.0540785166024041,-0.0528363056590101,0.0154912665608723,-0.00989317795606685,-0.00202384642636513,-0.00944446064949889,0.0117640514728584,0.0282081904091852,0.00323401678085552,-0.0330756946941817,-0.0382394875043910,-0.0239559517722196,-0.0160158594494391,0.0281365575577169,-0.0158304956483063,0.0404849999274782,-0.0186822765501911,-0.0185542218187789,-0.0382652131300669,-0.0256704604196606,0.000581272685520375,-0.0152412839327954,-0.00915544063622436,-0.0269266743649543,0.0158709135764853,0.00688724716724642,0.00753811478565460,0.00740875200087054,0.00819583098554231,-0.0301508120326683,-0.0255593622034448,0.0461630528330698,-0.0405366696915989,0.0250310060054239,0.0261838231370872,-0.0288977881625124,-0.00551175480643852,0.0168341439006102,-0.0464516041938335,-0.0175311629139419,-0.0574697599552264,0.0552096277982075,0.00510172056176638,0.0274406896870176,-0.0110313276861202,-0.0165194694320305,-0.0166089762398705,-0.0434001541842284,-0.0118926490965512,0.0119285201212541,0.0179979993435948,-0.0287283877413860,0.0812223084733098,0.0571377012799546,-0.00845163791120450,-0.00123163494009256,-0.0135401224743219,0.0227914910717532,0.00639817890592128,0.0203394618198258,-0.0519368681662427,0.0122010589777139,0.0272133121324965,0.00485995539090883,-0.00104501821575596,-0.0294919508493622,-0.00375674593788642,-0.0402840975347868,-0.0258442110788632,-0.00783522898837538,0.0242758092908104,0.0306947523593413,0.00386054049152471,-0.0205378298245659,0.0157071736345628,-0.0191951070644511,-0.0480033073001564,-0.0156211902699934,-0.0291278917519727,0.0280200186146847,-0.0332849922819186,-0.0283309018302725,-0.0509959992355264,0.0415105426775915,-0.0122852827326287,-0.0148740490232723,0.0366479259703567,0.00605630162834683,-0.0253416002717175,-0.0722651264588493,-0.00377145194206662,-0.0321939210791113,0.0127029673272119,-0.000851161811513422,0.0429039208221721,-0.0688510201208340,0.00156718793136458,0.0234460649830842,-0.0258795123007189,0.00576239241539742,-0.0317104045761319,0.00658548128704403,0.0116650473230367,-0.0398272828865565,0.0101094358000107,-0.00203192254322721,-0.0401115672660683,0.0137083699206184,0.00596354869896714,-0.0232617508776569,-0.0162805744661039,-0.0237568267156139,0.0111889150485820,-0.0310203662950690,0.00826995737886471,0.114721337924624,0.0286931542412998,0.0452292753622291,0.0368512320685567,0.00573760727765810,-0.0325102545140972,-0.00369251067341718,0.0966656028644423,-0.0164281367408942,-0.00782840627956083,0.0301111214201730,-0.0261751827497069,0.00329339233576063,0.00243501747766674,0.0460293983799439,-0.0127836499196611,-0.0389024039078537,0.0261239335904463,0.00326170787553508,-0.0138583713577929,-0.0461575000012072,-0.0348858534142642,-0.0359396829416451,-0.00820533059114323,0.0103152036377138,-0.0162022552032498,0.0288486860338427,-0.0218536438808693,0.00638432969633065,0.000564302469936373,0.0204461768144381,0.00538772270122808,-0.0259636580346163,-0.0448491244040828,0.00866049162639633,0.0286739254235393,-0.00482531654858755,-0.0229784540679728,-0.0213701151960708,-0.0145946751251897,-0.000232706655647746,-0.0446489045489622,0.0168487058037091,0.00793671446598133,0.0329957850922012,0.00659447841864179,0.0609836268240976,-0.0647099962194992,0.0426853996298566,-0.0225377479443355,-0.0195607708186714,0.0487145163255013,0.00657767299881666,0.0493233096572448,0.0126291070702292,0.0213941822263390,0.0395769256256007,-0.00138839217167855,0.00194410024000861,-0.00695495311118356,0.0306466763395444,-0.0157304416882170,0.0158898928001662,0.0586793193761909,-0.0377658517787289,0.00687256138313604,-0.0225364369095935,0.0580408755049075,0.0400725740054170,0.00660189312599317,0.0126362427653893,-0.0185707781031979,0.0388817117761581,0.000304863808054400,0.0210248937393736,0.0254295711690414,-0.0116901440563408,0.0427904648357300,0.0173016447751475,-0.0279769232284615,0.0175278453815460,-0.0169644581556137,-0.0412382807406900,0.0614267039790180,-0.00478170130232284,-0.0226859990587822,-0.0136024561968876,-0.0415244618106994,-0.0264127702008357,-0.0276625947421251,-0.0271184936354998,0.0496876117839812,-0.0112093907771794,0.00390591968231845,0.0209478069384751,0.0278669652819457,-0.0305333394487617,0.0540876566836295,0.00178814335665480,-0.0634607197846518,0.0119300163327295,-0.0163574082421155,-0.0422024232120941,0.00602420974758153,-0.0565314701662676,0.0470564583792957,-0.0404632591431423,0.0688247988528245,-0.0254870101645478,0.00210021269914490,-0.00995629750328783,0.0605023347872345,-0.0232432625992527,0.0385691582579795,0.0141088027585966,-0.0305201773551729,0.0356643092078080,-0.0487663817721042,0.0248366461071032,0.0307938138908936,0.00659783954244285,-0.0180074024185239,-0.0139088223091186,8.30840497784660e-05,-0.00958160356296459,0.0103861446226009,-0.0190761333222986,-0.0400396319283472,-0.00414098127653618,-0.0478965201985598,0.0168303609638516,0.0431950896334779,-0.0284369107718547,-0.0154542156282811,-0.00965391758335723,0.00260429174984114,0.0229940614143133,-0.0211315836875083,0.00124910095323559,0.0315865094051675,0.0274146164757393,0.0284661541185681;];
end

