function W = getW
%GETW 
W = [-0.173558069334199,0.0260033426828306,0.192219827179219,-0.00965310624229672,0.0148145666369913,0.00635073374533077,0.00926650354525965,-0.00630842665681460,-0.00864024087109610,-0.0948418312315394,-0.0574991886086398,0.0534484299512956,-0.000173199999326884,-0.0500393341930438,-0.109665102072414,0.0845798824384760,-0.0441300370913584,-0.0890061922323999,-0.0868102028175814,0.0691635756838785,0.0296141291023876,-0.0227728939301981,-0.117664849964799,-0.0685758906736381,-0.0952949489735603,-0.0172380018294281,-0.0481690327665556,0.0308531121728234,-0.130229603967814,0.0279912952067307,0.0167398066951275,0.0519533453065320,0.0236930311779348,-0.0462614541510151,0.0570030716071898,0.0459823679635512,-0.0696133948612296,0.0138262666530549,-0.0517435939214376,0.0874896427387404,0.0313002551015935,-0.0220989677458409,0.0993691169608607,-0.0349363405500753,-0.0238851953870102,-0.0451466387389960,-0.0260376673789395,0.0329448157214531,0.0203842963419054,0.0348394062455217,-0.0130418158564112,-0.100425628070982,-0.0620356587825704,0.0145506976921232,0.109776065416549,0.0239694973448238,-0.0887172203843407,-0.0174534608990512,-0.113382005463133,-0.0218125073796368,-0.0937696797306785,0.0163610272970882,-0.00197949391339423,0.0978774042655212,0.111983593246251,-0.182314739962159,0.0261129928422708,-0.0140087041333464,-0.00377319555074342,0.0126600357658367,0.0738437387490549,0.0309602294529322,0.0319056482198051,-0.0186960325274945,-0.0384486981399967,0.131885300032236,0.0257252078931152,0.0367633646214193,-0.0902895534320947,-0.0567708460492569,0.0947447246530687,-0.0959984964185911,0.100067441218496,0.0764460449742191,-0.0551274235052849,0.0125157147965084,0.0330333522765422,0.0847368286221683,-0.0625198683495119,0.0819621554997875,-0.0650230573445983,0.124321303107874,-0.0293705519145751,-0.0780732885929946,-0.116937069463691,0.0323689049377222,0.00382945197712735,-0.0780671553357627,-0.000997790598320565,-0.0494150798729719,0.100558704730663,0.133893640370247,0.00330953134171435,0.113267526523181,0.0535782819352966,0.0896442548327284,0.00750737526867629,-0.0629471028955966,-0.0254593974678366,0.0377465582221145,0.0132825066616001,-0.0462973910710813,-0.133044995440750,0.00531365856100886,-0.0659740201100857,-0.0874743786032647,-0.00402787786487914,0.0573468326156969,-0.108156642383975,0.137185249536346,-0.141081655427991,0.0572929805951497,0.0195979579195976,-0.0460884595391807,0.0149653675268602,0.0597091641822180,-0.141584659454772,0.0264360640291205,-0.0259496474187940,-0.0255928467706708,-0.00196121320994995,0.0393258085546551,-0.0116164954389015,-0.0648292378852878,0.115406282773205,0.0256880174305438,0.0117617372060933,0.0604098485696282,-0.0859412207081056,0.0466046775564852,-0.0688443403391955,0.0173958210096999,0.119083862595031,-0.0801196501800526,-0.140543098550927,-0.0117973410083304,-0.00612684106041463,-0.0398051942543068,-0.00419610193116281,0.00289186526522773,-0.00581623059520838,0.0642290699492956,0.0236769850879481,0.0138276826074086,0.0143859006042289,-0.0161241146392153,-0.000926882395334706,-0.106594362013913,-0.0168193346389974,0.0190436751153922,0.0442076606606180,0.00510821387004930,0.0224438580944144,0.00629064329869953,0.00720052743736190,0.138998090090830,0.00535344134720211,0.113147388773003,-0.00675666798270988,0.131934968583014,-0.160162337728212,0.0308949001808120,0.0114172699462839,0.00883982986038677,0.0442769756888176,-0.0430607183179879,0.0966844928552342,-0.0388418601200621,0.00813659150883561,-0.114956492750744,-0.0153307194184007,-0.0656920626233119,0.0722651195389594,0.0559273855366043,0.0165573549945527,-0.0465058447475389,-0.0180222372943530,-0.136233625357638,0.00844635508247385,0.0742723647089387,-0.0205394362626645,-0.0821978274024597,0.0955655299516456,-0.00946678063889606,0.000403250801298314,0.106557072932349,-0.0658350077100935,0.0359818019019066,0.0836066293012988,0.0376960985142941,-0.0423572247743661,-0.0498993117501181,0.0514041874058255,-0.0529553514249932,-0.0605641586350107,-0.123596928342997,-0.00635468620897063,0.0155443996262900,0.0982141524526777,-0.0557703553714238,0.114976822078088,-0.0856926386820798,-0.0685435455170196,-0.0666888013791453,0.0124160590596485,0.00885005712088057,-0.0221650095378507,0.00772964424136016,-0.00421526349818536,-0.0392969050436600,-0.163176329121074,-0.0658268526392680,-0.00855767897824952,-0.0449689237803479,0.0241629663035356,0.0590913730083667,0.0329262769804940,-0.0891151659104438,-0.0851128504840804,-0.0492208445443546,-0.143900275729265,-0.0737791419951996,0.104323856930388,0.0938022682854107,-0.0390143915530389,-0.0580470682279184,0.120321309072718,0.138355049733489,-0.0550344276804685,0.104875000688490,0.0386457160233319,0.0332615809011639,-0.0237054991822494,-0.0153174602322792,-0.0119965546134039,-0.175702174189941,-0.0453139112243185,-0.00795822300224421,0.0592174975306746,-0.0167405430287769,-0.00669773154521450,-0.0259767659806605,0.00116782862230756,-0.0101725787553669,0.0895999180407726,0.0370867441886535,-0.0399651338882430,-0.0247034260293063,0.0667937152449084,0.0390912144567999,0.0595667826560061,-0.0239004861582197,0.113893186929758,0.134682659150533,0.0631547735249332,-0.0562461669258011,-0.0767783347274807,-0.0848832993923597,0.0969361686711793,-0.0508435465983734,0.0123728335957525,-0.0185699851474916,0.0613894445385123,0.0518263272436568,-0.126879333410849,-0.0102076910969397,0.225771107064542,-0.0449752355082161,-0.112768071840205,0.0630102114790706,-0.0244402686592720,-0.0621625788840410,-0.0187228843053352,-0.135663532892551,-0.00263389948891294,0.00532798881018328,-0.107332056718218,-0.0419730375127693,-0.0632660014060923,0.0910227653517067,-0.00210270978507265,-0.0169862039787758,-0.0508070515670098,0.0679946454868083,0.0540316065016618,0.0529096914790933,-0.0276588637643019,-0.000500414904789763,-0.0257677186795646,0.0599929477243665,-0.0979433134506031,0.00698194495336705,-0.0411185208982179,-0.0588859945091121,0.0516497502721247,-0.0449997458043215,-0.0945976335802574,0.00141908199359188,-0.151436602293205,-0.0350383611336014,0.120515143466003,0.104908402228130,-0.000681065700353784,0.0227837358206645,-0.0175387924656819,-0.0303829259000126,-0.0805397902141879,-0.00468686667497159,-0.00298696613614185,-0.0313999562465738,-0.0161804791988007,-0.0502848938178268,-0.0767305040793016,0.113540679511130,0.0812761682425193,-0.0672421519174815,0.0760918290160356,-0.0237873037160245,-0.0625414598008315,-0.131631140682650,-0.0976741793786360,0.0188103282511681,0.0376215911415738,-0.0651197855662726,-0.109456976720162,0.0330066452488021,0.131120248553000,-0.0441303195592418,0.0475112600606310,-0.0548671882330467,-0.106230761246103,0.0522223568937754,-0.0800656709355238,-0.0318925305810479,-0.0350133214628861,0.137669829713598,0.00393461731388779,-0.173002119504105,0.0178437527263317,0.0679980311472665,-0.0159117482347216,-0.0474362698510120,-0.129166759956287,-0.0326946219799046,0.153512952625121,-0.0659625171308499,0.0548118863757010,-0.00235005221676658,-0.183984893068449,-0.0279846604752580,-0.106280224151308,0.194909640699750,-0.0959295429842290,0.0638904306288879,0.189032099758253,-0.0121287879241892,0.0317984981244817,0.0384680806908599,0.138248563052894,0.0976617364778865,0.0178648247138242,-0.00785193599034868,-0.00732542438752187,-0.0903530762556697,0.0185520732194559,0.0212617427611716,0.0562053752078151,-0.100329049617079,0.0563351096319238,0.0541550505563977,-0.0591722349634349,0.0558568672746403,-0.00378140065943584,0.112213011613066,-0.0925616740459245,0.0125239316235341,-0.0756957684618802,-0.0262278781373585,0.0156902557993915,-0.138090240748213,0.0457965911799105,0.0543975220055482,-0.0361998078639449,-0.0584196314394580,0.0872547964485924,0.0550888743478871,0.0333529883203101,-0.0749767083195422,-0.0405220233093943,0.0680379860925619;-0.0706500355516113,0.0447224891734126,0.106923836909371,-0.0104585530103817,0.00698162670166584,0.0561879336767317,0.0316094153758686,0.121089160494301,